781114: 614 6 2 2 2 53
43955: 1 49 866 567 88
7449867267: 120 8 46 73 882 74
6153340711: 5 6 395 3 3 676 2 5 6 2
4553: 877 5 75 92 1
59251: 5 1 5 3 747 4 6 2 3 53 1 7
3217689: 3 58 2 710 2 563 3
85845400: 84 51 4 4 742 59 21 46
31837: 1 16 2 916 631 62
1232928: 9 7 841 27 5 3 462 774
999791: 91 8 6 921 7 9 55 3 1 5
102981807: 374 655 7 1 1 348 459
1293980248: 3 773 9 4 102 68 5 6 8
2772: 5 95 41 375 32 3 3
806555: 4 94 36 82 3
53841926: 754 4 6 802 5 64 44 4 2
1173000128: 733 1 8 1 7 1 2 9 1 583 8
623418: 173 2 1 5 5 97 98 3 6 78
139603747: 640 7 28 553 56 3
32592: 865 24 6 652 5 21
11149918: 348 232 89 6 36
146249919: 1 624 999 1 9
21897489: 49 98 8 570 265 91 13
108929: 82 4 7 439 286 7 9
90136480: 407 69 8 677 4 78
10702305887: 37 2 62 8 83 3 2 216 95
2141712715: 401 45 19 48 715
212: 9 92 38 23 48
1721: 4 9 57 18 47
965: 6 3 65
182457792: 24 4 9 6 68 5 65 1 1 5 32
27353: 4 135 49 787 3 78 25
601105969: 1 545 45 997 11
75280: 5 181 82 262 808
749556: 7 934 957 56 1
4599884: 5 6 1 475 4 4 879 8 9 60
2365083: 4 7 3 6 9 3 6 23 21 31 3
13547784619: 67 732 6 1 9 2 241 70 2
10517040: 90 81 99 5 8 9 9 2 18 9 6
425812: 105 4 434 9 1 4 53
46503360: 710 91 3 964 60
2007020512: 4 200 21 74 17 22 67
44041: 1 896 5 377 553 3 3 8 1
1255: 60 7 70 7 414 92 605
31056: 6 16 35 4 338 3 1 2 12
16188310010: 94 48 74 5 35 22 8 17
224193520: 647 35 81 99 1
2506207: 1 7 7 5 4 3 9 736 433 4 3
55727659387: 706 30 747 789 4
6160080896: 161 83 92 9 157 178 8
324720: 2 498 5 187 28 451
31360291: 9 32 1 709 10 4 4 7 8 3
56829135: 19 30 212 13 60 94 5 5
1383861282: 8 518 4 7 89 475 2 67
141432: 5 891 2 6 4
516877: 8 654 780 1 516
103233: 8 7 43 2 6 17 1 30 721 3
2565887544: 3 4 22 9 5 26 621 54 11
104487: 9 5 861 88 84 3
5664: 1 2 116 48
676399122432: 1 5 962 8 8 698 9 869 2
3348: 34 5 3 1 74 237 3
630013: 6 87 66 4 536 1 9 533 7
3086070: 4 72 96 617 5 78
32926330: 823 1 580 4 9
310063: 99 44 71 738 49
977538141963: 425 23 38 14 1 9 6 1 3
36132620: 258 4 83 162 33 2 11 9
46631340: 34 277 5 36 833
90798: 837 18 59 4 4 6
16177276: 772 33 635 9 7
742825: 43 1 4 75 43
1439460691230: 285 607 28 7 72 30
2752809661481: 896 33 31 931 481
146529603: 3 1 66 3 98 1 1 2 5 80 7 3
2310: 2 5 48 86 8 236 6
4434080: 5 9 2 307 17 18 2 749 8
979686: 7 3 6 3 944 4 385 3 74
155528352: 5 4 3 9 8 8 15 7 5 673 2
2514: 7 7 9 9 8 82 1 1 5 7 3 123
12432984: 17 6 983 4 31
77673737: 7 694 5 728 6 6 4 74
141780: 1 9 821 6 2 8 786 5 2
81250: 64 9 156 65 686
3025: 277 7 93 1 992
10839: 9 65 48 59 3 6
4228: 4 5 1 75 44 7 405 3 4 69
7462789745110: 95 89 943 967 6 1 156
1861660805: 9 5 42 291 17 9 2 8 8 5 5
15640: 8 972 2 88
519597666: 18 958 2 31 3 486
16794024229: 3 671 34 4 72 12 71 37
360853788: 4 6 7 33 8 7 5 3 7 1 7 8
15010038349: 5 252 4 73 6 13 6 2 347
6880397: 988 98 74 9 71
208897: 31 673 2 6 242
1277: 29 1 8 699 541
4926689152: 20 1 1 8 2 4 532 5 4 531
3521671: 345 6 2 9 671
4869942: 39 1 1 26 581 127
828568: 643 7 46 82 4 2 54
67391539182: 5 4 6 1 3 7 6 734 8 869 9
92864: 5 82 67 7 9 892 3 7 3 4 1
186290956284: 4 92 6 915 6 4 807 73
821442480658: 82 10 3 8 6 1 24 80 65 8
97526880: 441 13 21 2 5 3 40 423
2849729852904: 153 4 4 5 517 9 287 3 7
9016903215500: 77 971 9 4 9 335 501
162881691: 7 141 9 1 4 1 8 816 1 8 9
615601: 877 7 7 4 987 75 565
845988: 2 1 954 884
85085: 2 4 59 78 595
8933: 1 889 9 6 30
15653: 932 794 9 53 66
1296585: 35 33 71 323 93 4 4 9
436170933: 91 478 87 979 9
335305700: 9 1 70 3 4 2 7 9 8 5 352 4
12708: 2 427 8 40 4 2 7 24
414778: 7 67 64 69 689
77670: 26 9 2 420 3 7 864 1 6 3
862: 60 7 6 8 178
563683851: 76 9 7 44 818 21 33
1822478: 34 873 9 2 62 35 443
546358: 545 192 1 61 116 988
1551314939047: 9 5 9 9 57 8 9 79 62 6 3 7
236729384: 80 4 8 7 3 3 24 437 85
168135: 205 820 27 4 4
1295168: 3 31 47 20 9 2 4 413 7
264: 1 40 224
55651: 5 8 6 7 86 9
860985216: 3 3 932 168 516
26508704027: 43 4 188 4 931 6 1 7 75
1519: 8 89 73 821 1 528
12207767: 35 57 52 2 66 5 7
5760: 76 8 6 346 6
105424966: 3 8 6 59 7 389 2 4 1 6 6
196172994: 232 41 5 97 87
1055: 62 9 23 959 2
2139333: 685 7 21 3 333
160445034: 6 17 2 6 6 3 8 3 1 80 9 45
721: 27 16 280 5 4
109563999865: 984 4 3 742 55 973 5
16474590008: 6 50 225 86 66 43 8
2618: 3 64 1 8 989 80 5 6 2
14938: 936 537 2 4 182
6892: 8 4 13 41 490 6
47162027: 716 70 600 20 24 3
2488785131429: 2 40 23 8 1 5 9 259 432
1594419: 9 921 3 2 9 3 563 4
3978765: 720 15 335 10 357
27688104: 868 78 6 954 68
2881630: 712 21 3 330 4 94 339
4917915855: 577 5 169 310 4 7 60 5
754146288: 6 7 3 7 7 116 3 4 14 3 3 9
95903460: 591 601 30 210 9
5141077: 9 585 35 970 77 1
16324820: 4 531 797 7 6 9 2 4 305
8329: 435 390 6 9 10
9191: 8 9 30 7 826 5 33 5 2 4 7
19763542927: 80 998 1 4 67 5 33 2 61
182668: 2 1 866 4 76 8
60839: 3 6 714 1 83
972455: 24 3 53 4 12 8 7 5 2 6 4 7
43410: 88 341 9 8 412
5832356518: 405 9 2 2 890 4 3 48 8
14138600010: 235 643 3 335 6
11712385: 301 15 457 94 37
97438: 3 6 2 6 8 909 634 2 446
8563694139: 75 5 172 2 2 9 28 81 1 7
23571: 79 6 788 3 9
1462665: 5 9 5 373 439 55 667
10434780: 4 28 9 67 8 19 9 6 3 4 5
5937: 6 3 69 1 2 4 8 9 3 81 7 22
1482: 3 21 21 811 167
2824041339: 9 6 918 8 3 9 71 70 338
1915: 165 12 971 394 373
88125: 79 1 731 6 3 4 1 95 8 6 3
19002566: 14 974 19 38 8 365 62
995: 2 7 636 351
46948623046: 64 6 6 5 2 7 5 10 2 9 9 8
185400: 8 5 103 5 9
74899218: 52 696 992 11 7
11135610524: 6 76 970 7 51 5 5 6 3 2
331560: 1 3 37 569 4 540
15632765: 3 52 32 7 62
766369177: 97 79 6 465 2 904 5 7
49353: 32 7 726 5 5 916 7 2 7
6235324834: 2 6 4 18 7 1 7 4 696 3 4
376513200: 9 6 281 6 280 669
111098: 52 8 267 16 7
153953: 9 5 75 3 251 4 6 5 6 4 1 5
2968968978: 662 3 4 1 8 7 7 2 8 977
249840: 2 3 449 2 2 2 1 4 14 68 8
124197366224: 855 807 32 4 7 9 18
22048572: 6 573 3 451 1 84
49201: 390 124 841
29632295: 39 2 9 2 7 956 4 6 8 87
2593931184825: 82 606 158 6 61 75 87
324370964198: 531 755 679 61 8
205872: 72 9 23 44 411 6 4
683160475: 6 9 7 1 4 4 5 9 820 6 474
13177371: 95 4 95 365 5 856 8
91472: 223 43 644 4 72
30256: 9 9 547 1 753 2 723 9 7
10944: 74 68 9 1 72
41902914: 8 6 4 678 41 912 4
19711: 103 9 1 932 1
3696843: 2 2 2 4 3 77 73 89 6 1 5 1
502508760: 6 8 115 2 91 6 7 1 4 8 5 7
1365934: 314 435 9 9 9 7
125439: 8 859 6 492 3 2 185 80
3601752495: 428 4 3 1 7 1 7 8 26 7 5 3
6499227810: 10 4 826 255 62
1655579000: 6 7 9 3 37 86 89 5 8 85
4767210477: 9 87 966 5 4 77
4716394: 2 801 4 46 2 3 4 3 1 4 9 1
1562697011: 1 34 8 3 2 8 82 5 36 9 2
3566: 7 655 9 1 6 2 411 1 2 36
260379720: 5 3 10 86 49 8 8 5 4 501
37065: 25 4 1 285 4 6 57 2 7 8
7641885: 7 32 3 2 3 2 7 587 393
28974248: 832 5 2 71 3 9 2 2 190 8
50041900370: 8 73 65 56 220 29 881
406310688390: 902 912 64 9 78 5
11784450152: 8 33 55 5 935 2 9 439 2
12684060: 1 306 260 83 9 6 5
220218499068: 67 1 8 4 7 8 2 4 9 900 7 1
52447607: 5 8 7 8 3 1 4 925 4 62 3 3
114005300: 260 174 84 8 9 3 235 1
96144048: 73 3 2 156 39 46 2 87
3718022: 262 7 8 4 2 1 7 9 8 1 7 7
140956392: 824 42 9 2 367 3 1 2 2 6
190943: 823 6 19 4 480 3 487 4
419513137: 3 2 4 17 8 79 72 313 7
47499: 79 8 116 78 3
1847194985: 27 866 154 45 1 16 79
1293102: 19 262 80 398 9
3002006: 2 8 3 6 4 4 6 8 1 8 400 6
6716992: 66 260 909 10 82
63608: 40 3 20 601 7
12939353: 6 9 126 4 5 2 3 31 8 6 6 4
513693295: 684 839 23 702 894 1
277444: 411 675 8 7 4
1191344431716: 67 69 176 431 716
709852: 56 5 6 73 34
26634: 4 262 34
384355: 3 81 82 1 3 771 7 390
10797883252: 1 899 7 8 2 2 85 6 3 9 53
2301587: 790 971 3 5 312
922: 1 707 149 66 1
475902479: 19 25 902 4 79
947399: 350 8 147 2 7 9 58 3 7
3746: 6 599 67 4 79 2
1512552: 3 1 5 3 6 13 6 6 45 8 1 4
4993885270: 59 33 5 366 8 699
17964616: 2 790 93 53 383 1
10607265154: 87 18 1 70 902 651 55
2607137: 294 3 6 4 1 221
79200: 8 12 9 22 4 5
55126: 7 90 8 743 32 51
25655876: 9 8 909 7 4 8 1 7 26 3
661088: 80 8 939 4 8
25745631: 933 657 42 4 3 422
210914250: 722 205 25 19 3
56087104: 32 8 9 8 17 1 38 102
448: 15 8 3 422 1
47080: 49 955 99 186 1
646: 4 69 87 1 277 6
243084240: 768 4 56 932 105 3
19231: 31 9 66 807 2 8
3257160: 7 34 4 9 55 55 906 9 6
2914343346354: 83 266 95 7 5 9 635 4
16655070: 8 8 6 545 1 8 3 549
470: 3 2 94
15166: 422 1 95 29 173
3912636: 1 62 75 23 7 2 3 2 8 3 6 6
42390136: 863 49 95 6 74 60 74
5790178804: 96 502 98 60 4
34: 22 3 1 4 5
92213: 929 6 5 171 83
7814750: 2 63 8 601 70 25
1377647282: 386 3 89 6 4 594 8 2 5 8
4252779534934: 51 1 3 6 5 756 7 943 2 7
62157928410: 7 6 78 8 812 2 82 45 89
618436: 1 45 1 2 24 280 194 2
8376166708: 837 609 6 70 652 5 51
1143476: 23 8 7 9 374 65 898 8
88582979239: 3 42 547 7 782 9 53 84
1694375: 9 4 3 101 430 535 70
578676: 5 2 858 966 83
2183664: 4 461 587 3 8
1743360: 363 2 4 80 3
28488345: 50 24 4 9 63
105777532893: 5 875 214 1 8 1 643 28
7289453: 7 276 9 4 280 80 90
71735526720: 3 8 491 215 5 8 66 9 13
43876859: 453 5 5 5 2 91 5 7 7 3 7 5
132929823: 43 8 4 2 52 1 53 38 9
403216153200: 32 7 50 75 798 683 4 9
1929601: 616 9 348 226 63
7167: 264 585 37 8 79
116224: 826 3 36 1 944 6 64
1446968: 76 56 5 63 4 6 5 66 6 2
5819430: 5 3 35 2 47 61 62 1 435
38369369: 732 84 624 777 80
112: 2 56 1
4084914: 338 4 2 14 9 1 2 2 6 71
32299: 2 33 3 23 4 2 5 4 543 2
13594596: 25 318 190 8 9 24
17388841797561: 978 2 889 1 7 97 561
629: 96 3 5 6 5
10886769360: 42 613 2 36 27 15 29
1010661392392: 8 5 84 46 766 73 5 94
159335108: 1 7 2 8 7 7 8 3 1 206 652
18506934: 9 54 48 8 85 6 9
12541225: 645 9 9 6 9 4 3 2 4 403 5
91751884175759: 71 356 363 417 57 56
878: 41 120 9 708
43224: 6 5 438 1 2 8 5 7 866 4 2
2131: 2 805 72 386 3 4 7 49
459360: 81 14 45 9 90
190884885: 807 5 73 17 3 9 3 9 8 8 5
2832721: 63 2 9 696 55 1
16401: 6 8 4 96 3 3 849
39153220: 4 1 8 12 4 682 276 964
31173: 1 77 2 7 3 4
19981524: 950 895 38 95 58 3
36898306: 717 953 6 9 52
455923: 1 8 14 4 14 167 7 3 7 1 6
6023994: 866 44 2 45 79 7
6236: 444 3 13 4 858
9470843: 776 3 31 4 3 1 7 4 3 6 4 3
577347: 6 205 953 2 248
31101: 3 35 32 9 21 3 838
6687556: 24 735 9 979 7
59644122336: 401 389 46 184 8 892
34668000: 61 499 403 9 8 500
1292397: 5 3 7 4 44 6 30 9 7 8 51 6
1139020740: 638 9 7 9 147 19 935
14618622409: 6 89 9 3 1 2 854 20 4 9 8
5962387: 261 500 58 910 8 67
5301739156948: 6 41 666 4 7 6 6 809 6
262379727: 6 699 3 7 8 9 6 82 8 3 63
33279141: 237 780 24 6 7 3
66671779493: 461 5 2 9 8 7 8 8 3 206 5
8331: 2 60 64 651
3422: 339 3 2
44202654: 2 41 345 857 654
18589172229: 9 60 5 64 7 9 4 5 4 9 3 3
7711758: 115 127 264 2 316 2
29004220: 507 690 73 1 326 70
7337077917: 7 6 583 4 181 3 9 1 6 7 7
6601291208: 3 389 9 2 1 5 1 8 35 24 9
7217592: 4 8 6 4 1 6 97 2 8 50 3 4
3681216: 8 3 30 4 268 9 5 462 4 4
109265: 967 708 6 65
297408: 6 6 515 8 5 9 7 4 4 5 299
31409931: 641 49 862 69
240171056: 67 983 47 911 575 1 4
1943: 35 1 6 9 1
559418: 149 408 2 340 10 65 2
448352260569: 5 9 3 9 5 66 491 2 9 4 3 3
6859: 6 462 397
103752: 22 54 9 836 9
32586192: 94 727 84 172 36
528510: 535 1 579 1 474
4820: 75 1 983 1 146 4
65141: 7 2 59 6 824 1 72 38 9 6
28084015623: 674 817 8 973 51
1904: 83 16 1 52 6 12 3 5
560581420: 1 86 86 3 142 3
1782: 4 26 59 2 2
75626267739: 25 3 61 1 626 773 9
120735039321: 344 5 4 7 8 5 5 9 68 6 7 1
687775368: 31 869 263 588 43
324844: 58 3 20 2 2 844
129632: 3 6 22 51 32
33406: 1 9 7 9 418 6 8 5 357 8
56000: 18 2 7 1 39 5 7 5 528 28
26051: 260 1 46 5
4172: 389 27 7 2 3
109617860520: 2 356 789 66 7 9 7 6 5 4
762983: 5 9 7 8 30 687 9 106
557468825: 618 5 6 3 9 882 6
235857: 240 25 89 2 5
177066: 2 505 1 5 3 9 2 62 3 6 9 6
1209817: 1 9 2 3 9 32 6 762 6 36
11977560: 2 3 1 497 44 12 56 45
112254414443: 6 274 7 568 5 9 64 43
2635372850: 227 67 42 96 18 5 1
1334: 9 88 6 85 2
36288971: 9 448 3 313 3 33
3781328947: 5 776 8 7 5 8 73 478 2 5
9547304: 1 6 1 5 26 85 30 8 2 6 8
4100183118: 92 55 15 45 97 9 9 426
23275: 32 9 539 28 6 9 998 5
7390539: 5 83 7 1 1 1 636 53 4 7
42101: 5 8 9 7 53 571 9 4 6 65
1630824: 257 11 1 117 9 23 9 24
33515093: 25 42 809 1 480 29 3
738378784: 9 82 378 78 3
73513834: 51 9 455 352 394
10688: 2 8 1 142 5 4 24 6 9 1 16
253633: 6 92 958 8 24
10604081: 7 674 9 8 6 422 8 6 1 8 9
91211619: 92 820 11 6 19
14571: 22 81 8 8 251
8378055: 7 4 7 1 9 3 83 86 247 45
35784925: 4 46 4 8 563 553 8
4573509029: 2 66 1 8 7 2 103 570 27
71165274: 40 57 26 6 77 5 11 3 93
141303: 4 4 3 4 8 757 2 5 85 45 3
24775134: 43 874 45 9 4 6 5 78 3 4
87075749049: 9 7 4 7 9 343 8 511 3 3 7
16226327171: 67 23 7 5 12 7 596 3 93
68736: 696 8 95 86 17 5
8164248: 1 6 7 12 370 63 2 4 328
1211912: 8 833 68 9 3 55 8 8 3 1 8
128444038: 923 6 355 440 35
3060: 4 72 8 4 5
735: 3 46 3 3 7 7 263 80
87513: 86 6 9 1 3
92710179133: 6 3 2 6 1 9 94 7 7 1 8 135
335310: 73 656 7 94
39998680: 59 2 7 19 41 41 4 2 2 31
817740: 94 71 59 1 84
12315563: 67 2 8 679 5 56 2 1
4157262: 547 76 5 9 3
63240: 9 65 4 9 81 4 7 3 4
888804: 5 5 6 6 275 9 13 4 8 1 6 6
55695977652: 965 614 4 94 54
8978: 1 3 3 692 671
25650356811: 95 5 54 272 84 811
378: 3 15 1 7 6 50 2
3934185696: 31 7 4 4 714 434
1206360: 7 8 1 623 20 9 29 95 15
115767: 6 7 6 2 897 3 1 671 9 2 4
18052578: 3 6 8 3 9 54 9 4 7 3 652 2
222335: 1 343 72 9 71
1696133952: 46 449 945 6 6 57
108630: 41 2 2 68 7 67 355
7236: 5 11 29 678 6
189649695: 483 8 8 49 95
148011989: 7 905 531 9 4 44 1 477
322524: 6 5 64 490 1 1 3 9 7 1 6
1568: 4 97 2 3 3 1 4 9 9 674 89
172494: 36 536 94 37 7
302630281: 1 6 1 9 1 2 4 3 6 2 83 958
254126654: 3 5 79 31 31 9 8 96 1 62
716105: 5 611 10 67 115
52520856175: 394 94 55 6 236 175
17170733: 8 138 6 8 4 1 6 9 6 26 3
143519644: 475 4 91 755 936
268595: 37 39 96 9 7 27 56
1108748214: 51 1 884 670 1 2 3 9 2
4612863150: 27 922 9 59 280 70
4280543114400: 842 3 9 7 9 8 3 670 5 56
41662517: 9 3 51 66 8 215 3 33 4
637: 28 5 352
1312373: 4 596 100 6 88 821
21289332681989: 615 5 1 6 7 989 189 9 9
1570502426: 5 7 1 58 2 52 4 8 6 18 3 5
328365: 477 688 1 2 186
24219: 62 53 2 69 3
4134: 6 1 32 53 2
396758: 9 440 6 92 66
10648800: 8 4 5 6 15 58 425 1 9 24
62693969: 1 148 734 71 969
360981: 6 52 18 8 8 80 69 8 5 9
148762443680: 4 811 388 446 265
9619591: 1 976 7 65 917 23 3 1
96498272: 850 98 19 7 63 5 5 99 2
4927650: 94 1 78 7 95
16292490: 5 1 504 5 8 7 531 1 5 58
807649967: 98 614 819 10 120 7
32850: 3 33 9 6 55 822 8 9 135
49498810: 80 68 5 3 7 668 9
63671512325: 1 47 3 873 4 5 9 9 6 8 3
45529228900: 72 4 99 31 8 244 96 3
32451: 546 21 7 7 6 73 8 5 6
4789257: 5 82 39 63 1 7 378
54326790420: 64 67 47 505 84
13713: 7 3 5 32 11
1121200603593: 44 2 4 9 303 6 6 330 23
494404766008: 988 808 7 7 3 8 94 50 8
1310445: 8 8 9 2 9 2 7 85
1975773697: 690 738 97 40 97
238287: 54 547 6 66 291
22716: 54 7 358 206 6 36
785332802: 6 8 5 3 6 6 8 6 7 42 75
51900790: 518 580 427 18 69
17385513659: 9 27 959 2 24 98 5 7
19884694861: 53 92 4 4 7 6 405 844 3
198666: 5 9 200 92 566
649326: 686 8 929 23 8 4 4
104475200: 936 1 8 3 1 3 3 5 736 2 5
112836584: 5 19 7 8 6 157 23 3 1 7 7
416813: 8 19 9 3 82 47 574 7
13378750997: 9 8 2 7 3 27 973 985 9
4034689: 9 67 1 7 3 4 1 799 57 4 1
1396559525: 3 200 9 6 595 8 534 2
113225286: 1 5 83 58 2 294 8 1 6
925: 72 3 3 7 270
37957175: 671 9 2 671 66 9 4 5 85
1620796297: 540 3 796 29 8
4390050: 325 7 98 74 25
18305210: 829 4 293 75 7 28
21541831: 717 75 75 4 58 4
326108405895: 3 61 76 7 7 2 8 2 9 5 6 33
339465: 678 8 6 7 5
123363073250: 14 7 69 5 2 2 93 5 1 10 5
76250368: 931 91 1 90 56 8
182172025: 56 449 6 27 593 6 22
234391439: 321 73 6 6 539 5 4 36
3380: 97 59 9 5 4 73 1 7
62292334005: 968 8 88 814 9 7 99
37022447616: 2 8 9 59 5 8 21 8 556 44
2394376822: 2 800 7 2 637 16 5 8 59
42684: 7 2 1 6 5 564 6 78 300
461: 4 13 5 43
9069: 6 2 274 15 5 20 5 6 9 1
6982: 907 80 10 7 2
13811061: 4 8 417 345 8 21
448042526: 193 7 2 112 4 2 523
14841494616: 2 6 11 51 526 8 74 7 4
27609313: 493 7 1 5 6 3 8 1 19 9 4 8
1873603343: 500 435 62 4 4 808 8 7
2285250: 3 9 446 17 3 7 48 57 4 6
726: 9 1 2 58 8 4 4 3 5 4 95 3
245297551: 1 8 4 253 92 26 5 1 2 2 1
430192: 36 9 9 937 108
205441838343: 4 8 3 18 7 8 3 5 421 483
1490280261: 596 9 5 686 9 6 5 4 9 6
7645308: 669 57 4 154 3 8 68
257: 8 4 5 11 70
5350566566: 6 1 15 87 64 2 563
1676: 7 55 3 511 10
2253316: 70 53 40 2 4 6 2 16 9 4
2259304867: 74 5 759 650 2 2 85 1 7
70773: 21 8 13 2 147 4 90 1 3
5119156: 50 971 220 47 2 7
72910: 7 1 283 3 79 1
1025048828: 494 622 6 5 556
70560: 3 75 69 6 80
8181374262: 12 47 278 59 4 566 6 2
683: 2 79 513 9 1 80
19025: 61 51 78 14 11
1144560186: 570 498 9 64 6 63
96474630: 5 357 6 81 74 311 6
946: 275 667 4
26422383: 52 5 146 635 5 33
159605: 75 24 426 304 5
13546512085: 35 7 890 8 453 85
579446: 38 7 723 808 3 68
3173: 9 39 3 62 11
3585258821693: 71 70 5 1 7 60 4 338 5
1452: 3 919 97 61 372
66835032: 31 5 807 46 299 9 7 5
47329363: 98 18 3 8 6 2 7 279 78 4
209868: 19 9 4 467 163 4
13429506429: 4 5 1 3 2 14 5 70 6 428
1612: 9 878 619 6 74 18 4 4
121848922: 6 681 50 41 50 2 177
155288: 4 4 397 47 8
125347468902: 173 1 9 84 336 80 9 6 6
699269760: 15 41 672 6 282
70729: 1 2 34 66 926 9 61 540
119939: 85 771 343 38 2
14014808512: 3 40 6 687 6 34 210 7 1
609336: 3 1 89 7 936
27353628: 337 4 534 38 4 8
5836: 9 1 1 5 9 43 2 3 478 281
2016660: 99 6 9 7 38 87
601938528936: 8 627 14 3 1 42 2 234 4
19651368: 8 93 11 67 264
2419998: 97 9 66 1 42
12123: 149 9 6 9
837769: 64 55 44 160 9
366823593824: 1 7 3 94 9 94 5 9 67 824
48472589840: 4 5 79 3 25 820 3 679 1
168163: 1 6 81 6 3
6626: 5 87 70 70 116
11088890: 550 70 6 2 3 8 858 32
125466: 898 382 98 7 2 7 2 1 8
41277600: 86 8 97 82 718 63 40
13330737914: 98 1 45 527 31 9 3 914
2029567: 42 69 700 1 965 2
67345949: 99 48 91 81 5 94 40 3 1
7797331: 866 2 8 1 4 3 4 1 79 3
2056297323: 25 2 3 3 9 8 7 7 2 626 9 3
10417806: 77 22 164 267 21
197824540868: 989 12 1 4 3 9 2 8 4 2 6 8
4575: 4 77 6 2 879
125406451: 9 98 7 205 1 568
134710: 87 7 809 1 95
43291: 39 911 9 38 62 5 41
18986674210: 94 8 56 74 6 9 5 48 42 5
943989300: 94 3 744 245 300
1903980: 2 2 1 3 440 8 2 6 10 5 6
26930633: 261 8 30 600 33
4868478342015: 73 8 6 84 783 41 92 9 5
434: 9 60 97 260 8
40824585: 5 133 1 466 6 752 8 9
202268161943: 62 6 33 3 4 2 2 2 9 1 943
2286988382: 1 87 86 9 30 474
7579800: 421 9 90 1 2
6433153: 9 850 2 8 468 961
1881887: 26 775 509 21 91 7
80750760124: 33 1 760 321 125
16387: 53 3 4 1 5 912 1 2 177 7
100645817: 3 2 5 221 939 77 6 36 5
9250: 4 6 3 1 84 71 9 7 5 326 5
43001158: 8 995 1 478 8 270
82361: 5 520 3 2 85 9 5 3 7 8 89
2032: 33 99 5 117 8
226429: 1 6 691 9 2 7 6 2 9 2 2 57
5407650: 39 9 29 16 5 4 424 42 9
1956500: 782 41 6 61 352
10360528848: 3 113 874 6 94 62
44759160: 4 60 518 9 2 4 90
49052880: 706 772 3 30
953451: 5 4 65 37 8 565 8 9 9
2328: 33 12 4 30 858
381056: 603 1 70 44 4 2 9 86
48135360: 98 9 48 656 7 361
399424331: 3 771 331 32 5 6
6073081: 88 2 28 6 1 663 1
733336726: 149 66 7 388 7 5 3 2
88732881: 2 4 44 1 632 45 60 81
51534300: 51 182 1 351 300
4508788: 518 136 8 1 8 1 68 39 1
160778929: 80 38 6 2 6 929
1693401: 8 4 4 9 25 5 7 53 5 783 6
20401384136: 8 3 9 5 361 21 968 3 2 5
4192: 65 686 535 810 2
2493152: 1 5 9 9 8 35 2 559 2 8 4
506: 4 21 2 4 162
3491258: 71 66 401 927 4 21 7 1
303552: 7 98 1 9 1 86 3 2 384 8
15765: 13 7 2 69 4 9 4 13 6 3 47
509459: 737 2 69 93 700
23837463750: 40 57 123 750 85
13109849: 4 380 60 569 89
377839: 11 6 345 37 1 64 6 39 2
112893: 46 4 62 89 1
2738000: 25 5 74 4 74
344566: 42 818 8 54 38 6
159680580920: 45 5 61 9 98 8 633 920
19105683652: 38 5 830 226 83 653
2305: 41 16 5 37 5 3 3
13685: 4 6 113 4 3 18 3 4 2 21 8
2969997: 8 975 438 6 3 709 6 42
51163208: 4 68 2 565 5 36 4 8 8
147016: 30 954 501 99 1
10140: 1 3 42 8 6 5 2
197174: 279 7 1 23 5 5 2 125 49
127894692: 14 17 973 673 4
4893: 6 202 1 4 41
33441802: 33 88 9 1 41 2 28 1 2
5785732: 5 31 40 8 6 2 793 4
76306500: 24 9 2 35 6 502
9701532: 5 62 8 39 2 19 436 98
245298724: 2 1 11 83 2 75 7
3101780: 1 738 4 7 9 5 4 4 4 8 23
377128: 6 90 698 3 30 78 97
401: 9 3 358 31
241251: 995 7 67 940 2 3 32 4 4
35335333: 9 11 4 816 7 682 417 4
61582511: 20 405 966 50 3 5 6
12922205: 3 50 1 4 3 41 7 288 25 5
3531346: 17 25 173 81 6 7 63
53880: 64 9 1 359 378 41 6
8446870173: 9 470 32 93 671 9 84
2888062047: 53 170 98 5 67 641 2 9
103768: 12 2 990 94 808 62 7
346229: 4 2 2 1 283 1 45 82 3
39346182402: 81 970 8 9 7 2 3 1 3 9 1 3
448: 18 9 1 16
32205720761: 8 8 7 31 8 281 6 7 5 7 9 3
94067: 3 5 71 69 67
18784083: 426 1 1 1 1 505 274 87
118528110270: 9 135 9 2 8 2 105 974 1
14610642: 2 8 435 5 5 28 9 8 5 2 3
10216175639: 6 2 5 17 1 600 17 5 639
46394041643: 8 95 43 3 393 84 5 43
1266753678959: 364 58 56 13 6 959
1338608: 67 1 4 60 601 1 52 4
9884106: 756 12 634 47 150 2 4
100815176448: 2 887 783 56 216 48 7
513217: 4 57 83 47 21 57 60
2154463360: 5 8 75 412 112 1 58 7
8073072068527: 8 900 8 8 8 2 70 685 2 7
49765623: 6 7 1 8 8 16 6 37 6 18 5
1944084: 693 187 15 3 216
27663643: 261 45 84 83 61 853
900396: 3 1 1 1 6 2 2 8 442 63 6 3
1164701: 9 63 29 549 2 2 8 3 7 20
30015945: 4 2 8 3 7 567 4 229 1 45
135762: 40 40 15 433 66 594
583964870: 51 28 739 6 7 87 872
108401: 647 4 3 55 896 9 4 77
43357812: 51 443 4 3 900 635 7 5
622142: 4 74 35 9 60
96526490: 9 6 5 26 4 91
83304: 310 2 3 1 89
129024: 506 408 5 602 6 2 7 84
110467: 303 2 8 4 9 5 2 2 474 6 3
30136360468: 6 5 136 360 468
19536000: 86 175 247 4 649 50 6
317: 11 4 6 3 84 83
339591168: 452 24 5 25 7 7 6 672
171785893: 724 83 3 2 237
412450: 7 3 8 1 6 4 1 5 4 855 42 8
2445187: 94 9 3 9 20 48 39 7 8 8 5
2292470942: 387 57 56 11 922
294008: 49 5 15 80 8
139809057: 19 34 2 92 36 2 25 7
2490750: 4 201 820 54 5 9
10280989099: 9 6 3 80 5 7 6 8 2 661 5 9
8825: 979 9 7 3 4
9717986: 1 77 6 7 2 1 70 4 8 37 7 3
123984508395: 3 4 984 105 6 44 83 93
5402563322: 203 6 8 971 79 79 571
620: 63 4 7 82 69
810822: 34 8 849 91 9 3
182644: 110 4 6 1 705 5 1 63 4
60286293072: 51 3 3 547 3 5 8 2 873 4
95: 9 1 4 58 1
81815038: 67 320 2 159 12
154: 7 7 2 12 59 1 4 3 9 15
27508584: 2 682 22 764 51
919592: 419 5 2 771 568
987723: 3 2 95 987 6 623 93
11474: 56 96 41 2
1740973: 2 1 664 49 853
67314: 791 3 805 7 1 8 9 5 4 6 1
498150820644: 55 35 90 820 644
4989322: 509 11 98 43 1
3239343744: 582 338 68 6 697 784
9648: 304 894 8 2 4
3003556872: 2 46 7 6 6 8 5 9 8 1 7 282
8053566: 7 1 6 1 7 397 3 69 4 5 6 9
5371182: 89 2 62 476 2
89128387: 89 120 7 845 541
536044679: 676 4 9 5 389 4 2 61 4 2
122199: 4 7 24 2 27 47 7 9 9 9 2 4
12596739: 765 7 7 5 8 6 5 7 1 8 1 55
915077: 8 5 856 2 7 1 5 8 93 9 7 2
57422483: 194 967 6 343 51 2
106697126: 1 1 20 7 7 4 5 673 34 3 5
660381727: 1 96 482 3 29 699 77
12618046: 3 203 6 9 495 27 1 7 7 2
603709: 61 8 4 988 569
3643927: 3 2 971 23 89 7
315590595216: 48 701 6 418 59 5 2 16
26795: 6 18 2 766 27
628731297412: 9 49 858 8 6 7 93 5 51 7
3103: 34 74 8 7 572
130648750: 9 62 7 7 79 52 157 475
108: 2 6 9
1720612: 18 245 390 622 90
7877660: 1 33 75 43 3 5 1 4 5 5 28
75731: 4 521 9 92 27 4 183 48
962325651: 29 6 7 826 91 6 679 7
425881250492: 2 76 2 546 25 50 4 9 2
7198804: 2 7 7 7 60 449 4 8 70 7 4
3078403054719: 716 964 9 1 446 3 4 19
10209: 41 241 915 4 8 603
113237087: 273 69 35 847 6 3
838579: 8 383 2 80 1
312553360488386: 781 3 834 5 8 4 8 8 386
189810: 78 392 403 397 3
19259365: 87 22 3 1 8 93 67
13539814200: 92 44 4 1 7 1 3 341 817
240539146: 6 7 5 818 8 1 40 3 899 9
76798186: 1 695 5 387 9 70 8 18 6
38770005: 766 9 315 28 49 8 1 5
366: 285 47 25 3 1 6
143626673190: 723 3 4 165 434 923
16406: 8 3 66 3 7 692 1 5 9 3 9 2
2471: 2 2 84 2 7 2 7
16213: 5 14 1 4 57 25
1484558: 3 589 7 24 5 1 8 9 257 4
1273569: 6 4 972 1 51
12569: 36 5 74 8 63 6
7416502: 74 1 649 1 2
2284697789: 2 9 4 2 46 9 761 8 8 1 8 9
434145423: 3 532 974 7 73 27 3
3085809: 5 7 9 2 34 4 1 9 4 9 4 717
21752360: 6 65 95 3 8 4 54 70 4 7
54608112108: 76 267 519 794 716
466166132: 93 233 2 41 25 2 95 7
781: 3 2 15 549 8 43 8 4 94
5099481373: 6 4 1 259 9 8 5 9 8 1 37 3
44289219763: 3 7 9 665 2 8 9 1 8 8 3 2
10024155: 86 2 1 569 7 155
10342080: 2 38 68 399 40 6
46047600: 51 12 955 8 90
751578: 484 2 8 770 25 33
2466915584: 6 4 8 84 8 3 1 751 74 1
346709664: 13 891 8 4 7 8 9 751
465035: 54 9 4 5 6 681 2 7 582 4
10242533: 70 95 7 72 827 3 953 9
1608: 96 5 8 792 8
2538: 294 8 9 4 1 6 33 7 9 1 51
42218880264: 320 2 8 67 83 972 198
38533: 1 8 905 7 6 1 87 19 81
28085636: 280 856 1 3 4
758443280: 3 5 3 7 62 1 6 108 2 4 5 2
10383865286: 3 87 9 19 5 4 69 2 4 1 3 6
7440: 1 7 5 93 2
33934791752: 74 2 954 5 763 8 63 8
106981577: 81 712 53 5 2 7 3
133187978: 186 51 702 4 907 5 3
942244748: 6 2 6 673 4 4 748
184710: 76 7 3 4 439 8 4 2 4 1 4 6
279877: 45 9 691 21 1
1440: 78 4 975 20 363
102832: 24 87 982 94 90
37661836482: 3 9 1 7 9 7 1 9 5 2 480 76
421548: 59 2 69 6 48
2287891: 687 993 2 4 3 8 34
511324: 49 94 1 112 51 574
298470: 47 66 2 6 55 2 75 2
6335232: 548 78 1 74 8 904
19040: 6 37 637 28
4653028: 23 4 6 8 397 2 7 4 83 4
13664763: 23 7 8 11 1 1 7 6 723 7 9
4558: 1 366 8 3 815
12412577: 8 9 73 257 9
734367313789: 29 4 523 597 8 79 99 9
68066558: 485 15 686 855 8
10741452: 915 43 91 1 76 4 3 5 3
2387520: 5 67 8 6 829 6
27775: 4 7 734 9 9 7 4 592 2 1 9
7541377528: 21 2 8 43 2 3 7 22 7 9 8 8
46797939: 4 9 5 1 42 6 362 9 6 3 9
333963: 315 47 8 1 66 6 70 651
208594697697: 3 3 46 9 9 89 8 9 1 873
3563784: 3 6 656 9 6 8 586 896 8
112924137312: 698 7 9 67 9 4 797 48 9
6039126: 21 8 559 1 5 83 1 1 2 1 5
348421950: 2 9 6 4 6 9 3 3 57 559 5 9
2053: 3 10 36 9 599 302 3 60
60439935723: 74 59 4 9 8 7 27 5 1 2 6 4
7271104: 2 3 9 4 3 495 2 3 1 8 8 17
1881: 9 428 78 4 6 5 9 75 7 6 3
37922906: 4 4 4 86 3 8 8 3 97 4 23
10936322: 39 224 4 512 80
3289166577: 8 822 2 21 1 1 5 9 2 580
